236
83
236
83
358
86
264
74
154
74
230
83
137
72
327
83
358
83
145
88
182
83
193
83
264
78
107
83
276
83
145
74
145
88
276
83
99
83
362
83
55
83
241
83
99
83
55
72
94
74
145
83
94
76
276
83
339
88
247
83
137
74
59
83
226
83
252
83
182
83
270
74
174
76
161
83
94
83
183
83
264
82
143
83
94
76
61
76
145
83
94
76
137
88
187
71
247
83
161
83
299
86
123
83
341
83
273
87
145
83
108
71
182
83
233
83
94
83
94
83
299
83
149
76
358
83
280
88
333
76
220
83
311
83
99
78
360
83
99
83
223
71
141
83
273
83
121
83
305
83
176
72
304
74
103
83
199
83
183
83
292
83
290
83
236
83
220
83
94
76
245
83
173
83
181
83
103
83
276
83
182
83
270
83
182
74
276
83
61
82
202
88
94
91
294
83
176
83
236
83
94
83
228
83
94
83
137
83
195
81
313
87
137
83
145
88
96
83
341
83
255
83
100
83
273
83
145
83
168
83
276
83
137
83
245
83
171
83
137
83
327
83
103
88
181
76
349
83
55
83
369
83
317
83
182
83
354
72
273
83
183
83
292
83
103
83
48
83
94
83
141
83
99
83
293
83
255
83
182
74
366
88
303
74
283
71
48
83
242
74
145
88
183
83
236
83
236
83
55
83
311
83
59
83
103
74
290
83
272
83
68
83
137
83
137
83
357
83
270
83
165
83
48
83
276
83
94
83
137
83
292
88
173
83
236
83
202
74
55
83
273
83
116
83
55
83
244
83
276
83
276
83
161
83
182
83
137
74
358
74
94
83
137
83
59
83
276
83
103
83
247
83
99
88
236
83
119
83
137
88
273
83
270
83
172
83
3
83
247
83
272
83
48
83
180
83
172
83
127
83
94
83
173
83
137
86
230
88
46
76
163
91
199
83
275
83
107
83
55
83
182
76
136
83
183
83
150
83
48
83
55
83
57
88
360
83
344
83
246
83
61
83
141
88
182
83
223
71
358
83
55
83
155
88
323
83
247
83
57
74
315
83
307
83
0 0 0
83
44
74
257
83
99
83
182
83
327
83
267
83
299
83
94
83
182
83
183
83
362
83
132
88
99
83
276
83
270
74
181
83
311
83
123
83
233
83
145
83
226
83
161
83
327
83
276
83
226
83
182
76
94
83
199
83
187
71
276
83
292
83
230
74
366
83
222
83
132
83
270
83
12
83
221
83
182
72
223
71
358
83
99
83
292
74
224
83
174
76
145
83
273
76
181
83
137
83
173
83
273
83
161
83
182
74
311
83
270
83
255
83
357
83
242
83
161
83
145
83
182
83
334
83
270
83
103
83
122
83
327
83
94
83
276
83
7
83
236
83
214
83
99
83
270
83
290
83
229
83
59
83
99
83
103
83
358
72
103
83
317
83
172
86
360
83
220
83
272
83
182
83
219
83
321
83
61
83
99
83
182
74
94
83
99
83
179
71
182
83
341
83
320
91
334
85
183
83
345
83
182
83
145
83
255
74
163
71
121
83
145
88
361
83
246
83
279
83
226
83
94
83
276
83
276
74
242
83
269
83
155
88
22
83
196
83
273
76
141
83
236
91
94
83
230
83
369
83
347
83
103
74
38
83
230
83
218
81
94
83
270
83
296
83
236
83
300
83
236
83
299
74
145
83
161
83
137
83
233
83
293
83
276
83
298
83
137
83
334
83
223
83
273
83
99
86
231
83
358
91
94
86
300
83
244
91
121
83
351
83
33
83
145
76
94
83
132
83
94
83
94
83
359
83
166
83
226
83
165
83
130
83
349
83
103
83
341
83
358
83
218
71
272
83
236
83
270
74
292
83
104
83
293
83
270
83
137
83
270
83
145
83
145
83
358
91
103
83
336
83
358
83
99
72
124
71
236
83
3
79
341
83
55
83
341
83
116
83
145
83
130
74
94
83
159
83
262
71
182
88
173
83
293
83
255
83
344
83
182
74
341
83
51
83
172
83
358
83
330
83
224
74
55
83
20
83
116
83
336
83
360
74
303
83
255
74
284
83
122
91
327
83
168
83
270
83
94
83
48
83
235
83
273
83
236
83
121
83
245
83
309
83
145
83
236
83
276
83
103
83
368
83
182
83
273
83
273
83
145
74
145
83
360
83
292
74
168
83
94
83
270
83
137
83
287
83
311
86
275
88
299
83
131
74
55
83
182
88
327
83
168
83
327
83
247
83
138
76
112
83
59
83
357
83
68
88
315
83
137
83
161
83
352
76
94
74
362
83
172
83
340
74
98
83
165
83
273
83
121
82
59
83
145
74
247
83
226
83
270
74
341
83
291
83
182
88
229
83
96
88
367
71
341
83
358
83
290
83
276
83
236
83
145
83
236
83
12
83
168
76
94
74
362
83
145
76
311
83
315
83
259
83
182
91
101
83
277
83
99
74
145
83
145
74
161
83
141
83
270
83
247
83
121
83
327
83
357
83
276
83
302
72
264
83
48
83
94
83
201
83
233
83
145
83
290
83
94
83
122
83
255
88
361
83
255
83
275
83
96
83
223
71
103
83
137
83
131
74
48
83
154
83
145
83
264
84
182
83
217
83
273
88
55
83
313
83
296
91
294
83
181
83
366
83
292
83
70
76
103
83
38
83
203
83
95
74
270
83
299
83
155
83
102
71
94
83
103
74
94
83
94
83
137
83
275
83
220
83
137
87
273
76
61
83
182
74
273
88
154
84
55
74
272
83
48
83
270
83
103
83
171
83
145
83
236
83
59
83
103
83
182
83
270
74
277
83
94
76
99
83
121
74
42
71
229
83
123
74
174
74
182
83
137
83
273
83
135
79
273
83
94
83
276
83
276
83
145
88
273
83
144
74
304
83
321
74
236
83
121
83
99
83
228
83
223
71
50
83
270
83
276
83
344
83
170
86
341
83
273
74
145
83
99
83
182
74
99
83
270
74
155
88
182
83
345
83
61
74
193
83
242
83
276
83
187
71
103
83
55
83
58
83
137
74
212
83
55
83
114
83
293
83
137
83
183
83
58
78
12
83
159
83
236
83
196
83
121
76
103
76
251
83
182
83
104
83
367
91
94
74
273
83
311
83
311
83
270
83
57
88
275
91
236
83
241
83
182
83
273
83
99
74
270
83
99
83
103
83
278
83
247
83
9
74
327
83
229
83
137
83
0 0 0
83
362
83
273
74
48
83
137
83
359
83
246
83
189
91
103
83
273
83
354
72
181
83
154
83
290
83
236
83
99
83
327
84
220
83
99
72
137
74
357
83
354
83
229
83
51
83
99
74
145
72
333
91
179
71
145
83
165
83
168
83
216
72
99
83
276
83
236
83
215
71
99
88
366
83
127
83
275
83
255
74
272
88
155
88
236
83
289
71
145
83
358
90
272
83
145
83
276
83
206
83
336
83
182
83
182
83
145
83
255
88
264
83
233
83
55
83
183
76
276
83
104
83
104
83
94
83
273
83
68
88
241
83
182
83
60
83
321
83
236
74
241
86
137
82
199
83
182
88
182
74
57
78
55
83
172
83
57
78
57
83
145
83
276
83
236
83
137
83
233
83
267
83
360
83
273
88
273
83
270
83
94
83
273
83
327
74
276
83
145
74
183
83
103
83
273
86
59
83
103
83
35
79
223
71
145
83
270
83
182
83
341
83
55
74
235
74
57
88
313
83
183
83
172
83
366
83
243
86
233
83
104
83
273
74
181
83
360
83
209
87
182
83
182
74
229
83
194
71
355
72
311
83
276
72
229
83
297
83
182
74
266
83
276
83
99
76
223
71
137
83
223
71
118
83
154
92
242
83
182
83
54
83
182
74
99
83
273
83
330
83
303
83
255
72
182
83
307
83
59
83
366
83
137
83
270
88
122
83
94
83
154
84
99
83
143
83
94
83
358
83
358
83
327
83
103
83
31
71
319
83
182
83
145
83
357
83
55
83
179
71
145
83
174
83
194
71
340
74
182
83
276
85
334
74
94
83
358
74
157
83
236
83
137
83
43
83
145
72
242
83
94
88
57
88
30
83
313
83
99
83
358
83
334
83
154
74
161
83
273
91
59
83
94
82
145
83
236
74
145
83
155
88
273
83
16
83
57
83
182
83
123
83
236
83
274
83
247
83
182
74
224
83
137
83
172
83
334
83
276
83
196
83
270
88
241
83
94
74
118
83
109
83
4
83
347
83
94
83
233
83
145
83
180
83
103
83
290
83
103
83
226
83
236
83
236
83
103
88
145
83
255
83
169
83
199
83
333
91
345
83
276
83
321
83
145
83
161
83
182
83
96
83
255
86
103
88
145
83
122
76
224
83
366
83
273
83
27
72
99
86
144
83
12
74
301
85
366
83
260
76
145
83
360
83
116
83
358
83
344
74
48
83
173
83
103
83
352
71
159
83
233
83
59
83
276
83
99
74
273
83
273
83
276
83
182
76
167
71
299
83
52
83
137
83
144
83
182
76
359
83
276
83
48
83
94
83
255
83
255
76
137
83
182
83
137
83
246
83
182
83
315
83
269
83
94
83
361
83
94
83
145
83
145
83
94
76
292
74
122
83
319
83
99
83
275
83
137
83
360
83
290
83
55
79
106
83
270
83
59
83
269
83
290
83
270
74
273
83
290
83
94
83
311
83
223
71
182
83
145
74
360
86
242
83
132
83
241
83
139
83
152
76
94
83
170
83
182
83
141
83
182
83
137
83
94
83
145
83
276
83
109
83
182
83
276
83
94
83
48
83
154
74
94
83
161
83
276
83
145
83
99
83
145
83
141
83
323
74
277
74
145
83
255
74
145
83
94
83
236
88
121
83
275
83
103
83
340
83
273
83
116
83
273
83
273
74
99
83
273
83
94
83
59
83
99
83
161
83
165
83
182
83
99
74
174
83
94
83
212
83
161
83
60
83
366
83
276
83
233
86
99
83
182
83
264
83
276
83
236
83
106
83
355
72
340
83
271
83
123
83
229
83
103
83
182
83
275
83
99
83
236
83
230
83
276
83
360
83
244
83
145
83
182
76
145
76
357
83
311
83
118
83
273
74
145
76
270
76
48
83
172
74
193
83
236
83
137
72
94
74
137
83
299
83
12
83
145
83
160
83
145
83
183
83
99
83
182
83
363
83
223
71
59
83
103
74
358
83
181
76
358
74
368
83
236
83
168
76
296
91
229
83
99
83
154
74
183
83
179
71
94
83
137
83
145
88
220
83
57
88
0 0 0
83
155
74
270
83
224
83
145
83
212
83
99
83
210
81
105
71
328
83
236
83
48
83
341
83
223
71
236
83
341
83
232
83
246
74
103
83
103
83
148
83
103
86
145
76
226
83
276
83
247
83
99
83
119
83
321
83
59
83
99
83
64
92
233
83
182
83
137
83
182
83
276
83
58
83
235
83
161
83
132
83
299
83
99
83
235
83
123
83
145
72
199
83
103
74
139
83
145
83
270
88
330
83
173
72
118
83
145
74
136
83
182
74
269
83
360
83
99
83
290
83
199
83
94
83
236
83
276
83
247
83
277
83
57
88
24
72
275
71
275
83
94
74
357
83
267
82
276
83
286
74
103
72
48
83
137
83
55
83
276
83
236
83
334
88
276
83
99
83
147
83
246
83
99
83
48
83
229
83
94
83
141
83
236
83
221
83
236
83
360
83
348
74
182
83
94
74
183
83
201
83
269
85
139
83
137
83
267
83
270
74
365
83
193
83
355
72
196
76
141
83
59
83
233
83
121
83
94
83
276
83
116
83
17
72
48
83
270
83
154
74
290
83
121
72
137
83
94
91
174
83
42
71
145
83
311
83
255
83
236
83
145
83
321
83
236
83
55
83
273
83
137
88
145
83
358
83
360
83
109
83
321
83
145
83
154
83
172
83
270
83
103
88
349
83
182
91
168
83
182
87
145
83
270
83
145
83
270
83
144
91
181
83
170
83
61
83
145
83
236
83
145
83
292
83
182
83
57
88
122
83
31
71
145
83
336
83
161
83
311
83
154
84
359
74
137
74
141
83
267
83
99
83
276
83
174
83
121
83
199
83
233
83
338
88
273
83
161
83
319
83
99
74
365
83
247
83
96
83
247
72
121
83
276
83
145
83
173
83
122
83
247
83
229
83
145
88
19
83
94
88
57
87
221
71
137
76
224
74
131
74
109
83
247
83
246
83
94
83
276
83
173
83
182
83
193
83
358
83
247
83
255
83
145
76
55
74
137
74
230
83
137
83
94
83
103
88
311
83
276
83
161
83
103
83
55
83
137
83
182
74
137
83
182
83
359
83
245
74
94
83
149
83
182
83
161
83
255
83
94
83
233
83
236
83
145
88
276
83
334
88
196
83
141
83
145
83
276
83
236
83
59
83
223
71
182
83
360
83
318
83
137
87
247
83
48
83
341
83
272
88
236
83
247
72
145
88
235
83
253
76
141
83
299
88
34
83
150
83
236
83
292
83
187
71
99
88
270
83
220
83
103
83
170
83
270
83
182
83
99
74
255
74
235
91
270
83
230
83
137
83
141
83
174
83
182
83
137
83
118
83
179
71
236
83
345
83
270
83
145
83
121
88
210
81
233
83
165
74
94
83
179
71
127
83
255
83
57
78
168
83
52
83
199
83
327
83
182
74
336
88
226
74
57
88
136
83
145
83
94
83
276
76
175
83
137
83
360
83
166
83
182
83
145
88
59
83
165
83
145
83
273
83
358
83
94
83
94
83
145
74
233
83
304
83
218
71
145
83
121
83
276
83
103
83
344
83
273
83
293
83
217
83
99
83
55
83
276
83
145
83
340
74
290
83
145
83
255
74
145
83
276
83
353
72
255
83
273
83
273
83
264
83
270
83
182
83
196
83
276
83
246
83
366
83
132
88
57
76
241
86
270
74
173
83
103
74
94
83
182
83
182
83
247
83
361
83
59
72
212
83
345
83
48
83
293
83
327
83
212
83
340
74
145
74
247
83
192
83
122
83
182
83
276
83
276
83
159
83
145
74
327
74
357
83
137
83
182
83
99
83
273
83
248
83
241
83
273
83
361
83
103
83
247
83
362
83
236
83
357
83
147
88
164
79
94
83
103
83
315
83
268
83
223
71
334
83
270
83
276
83
275
74
137
83
103
83
94
83
239
83
275
83
168
83
55
83
344
72
137
83
273
83
59
83
247
72
223
71
270
83
362
83
99
83
285
71
270
83
247
83
311
83
273
76
174
83
182
83
273
82
235
83
247
83
141
83
103
83
182
86
270
83
273
74
270
83
145
83
315
83
141
83
290
83
137
74
55
83
296
83
275
83
333
91
204
91
99
83
116
83
273
83
103
74
99
83
94
83
174
91
270
83
145
88
137
83
334
83
193
83
276
83
276
83
154
83
48
83
59
83
311
83
311
83
334
83
147
83
182
83
145
83
103
83
293
83
193
83
149
83
182
83
247
83
257
83
273
83
341
74
359
83
255
83
122
74
313
83
172
83
347
83
94
76
276
83
236
83
171
83
146
86
137
83
290
83
316
83
172
83
166
83
290
83
61
83
357
83
273
88
59
83
48
83
145
83
220
71
214
83
103
74
273
83
99
83
182
74
358
83
103
83
55
83
94
83
275
83
99
76
94
83
273
83
327
83
183
83
51
83
223
71
246
83
161
83
181
83
236
83
121
83
139
83
55
83
366
83
182
85
241
88
182
83
159
83
145
83
276
83
246
83
55
85
270
83
273
83
345
83
357
88
99
83
55
74
103
86
182
83
172
83
137
83
109
83
121
83
330
83
237
83
141
83
145
83
273
83
275
83
299
74
270
83
182
88
270
83
145
83
97
71
48
83
229
83
55
83
336
83
122
91
159
83
270
83
315
83
99
83
366
83
341
83
103
83
360
83
276
83
94
83
55
72
233
83
236
83
236
83
145
83
270
74
276
83
145
88
270
83
182
74
270
83
276
83
137
83
233
83
145
83
327
83
52
83
341
83
99
74
145
83
137
74
179
76
224
83
236
83
341
83
145
83
175
83
161
83
264
84
99
83
255
83
121
83
172
74
55
83
154
83
226
83
145
76
313
83
94
83
321
83
130
83
142
83
99
88
360
83
347
83
358
76
341
83
200
83
141
74
317
83
235
83
145
88
333
91
347
83
296
76
103
88
323
74
137
83
137
83
94
83
233
83
182
74
198
86
199
83
334
83
311
83
361
83
311
83
121
74
99
83
336
83
130
83
240
81
161
83
327
83
99
83
137
83
145
83
155
88
137
83
155
88
266
83
145
83
94
83
48
74
272
88
137
74
182
74
223
71
341
83
226
74
255
83
235
83
273
83
246
83
247
83
172
83
159
83
145
83
276
83
276
83
137
83
290
83
145
76
236
83
360
83
246
83
103
74
126
88
94
83
199
83
177
72
360
83
182
74
161
83
341
83
245
83
94
83
341
83
358
83
182
83
182
83
183
83
273
74
320
91
276
83
94
83
161
83
182
83
122
83
181
76
145
83
147
83
336
88
99
79
276
83
145
88
270
83
270
83
236
83
226
83
273
83
159
83
358
83
264
74
273
83
357
83
182
83
304
83
154
74
145
76
273
83
241
83
165
74
137
83
103
83
299
91
145
88
236
83
276
83
358
83
122
91
70
76
141
88
55
83
182
83
270
83
236
83
137
83
70
71
100
83
99
83
276
83
200
83
94
82
247
83
236
83
255
83
236
83
272
88
107
83
182
83
94
86
247
83
276
83
182
74
236
83
5
83
270
83
182
83
223
71
236
83
340
83
181
83
359
74
94
83
182
74
275
83
358
88
360
83
360
83
168
76
182
83
275
83
270
76
247
83
116
83
276
72
182
83
99
83
57
83
57
88
366
83
99
83
67
83
182
83
276
83
94
74
233
83
202
83
182
83
145
83
275
83
332
83
137
83
94
74
166
83
144
74
137
76
12
83
122
71
276
83
188
83
270
88
293
83
239
83
199
83
99
74
272
83
368
83
276
83
145
83
145
86
145
88
334
83
145
83
103
83
230
83
48
83
298
74
299
83
99
83
334
83
229
83
233
83
241
88
94
88
182
83
161
88
311
83
0 0 0
83
273
83
145
83
236
74
173
83
293
83
270
83
317
91
182
83
247
83
94
83
145
83
233
83
293
76
161
83
99
83
99
88
270
83
182
84
0 0 0
83
179
71
182
83
182
83
224
83
233
83
99
79
103
74
273
83
270
74
230
77
58
78
127
76
154
74
131
74
334
83
273
76
123
83
155
88
103
83
182
83
161
83
175
83
358
83
341
83
347
83
61
88
236
72
182
83
150
83
333
91
159
83
137
83
229
83
304
83
360
83
307
83
270
83
103
87
145
83
141
83
276
83
98
83
48
83
118
83
247
83
282
71
48
83
276
83
330
83
275
83
220
83
334
83
300
83
31
71
327
83
99
83
233
76
276
83
276
83
166
83
168
83
307
83
182
83
55
83
137
83
130
83
321
83
145
72
173
83
145
83
57
81
236
83
359
83
182
83
357
83
276
83
161
83
182
74
275
83
341
83
104
83
103
83
270
83
261
83
110
83
270
83
119
83
99
83
327
83
247
83
55
83
199
91
292
74
230
83
104
83
145
76
116
83
94
83
270
83
103
83
270
83
124
71
187
71
99
72
143
83
0 0 0
83
322
83
103
83
270
78
275
72
103
83
94
83
344
74
229
83
94
83
94
87
99
83
48
83
61
83
154
83
275
83
230
83
202
83
255
83
273
83
270
83
46
76
145
83
116
83
94
83
94
83
229
83
103
83
360
83
276
83
275
83
99
83
145
83
155
74
103
83
273
86
284
71
242
83
299
83
233
83
48
83
116
83
321
83
183
83
48
83
276
83
327
83
246
83
94
83
270
83
39
79
59
83
311
83
154
74
336
83
161
83
48
83
59
83
270
83
276
83
99
83
55
83
369
83
144
91
67
83
292
83
103
83
341
83
142
72
99
83
270
83
137
83
165
83
194
76
224
83
94
83
182
83
149
74
294
83
329
74
182
86
368
83
182
86
182
83
123
83
247
83
94
74
356
83
319
83
103
74
276
83
276
83
219
83
99
83
48
83
330
83
137
83
137
83
339
88
236
83
361
83
182
83
103
88
311
83
103
76
202
83
233
83
126
83
276
83
308
72
137
88
99
76
220
83
182
83
182
74
299
83
168
83
239
83
103
83
160
83
270
83
246
83
103
88
290
83
0 0 0
83
173
83
363
72
145
83
59
83
311
83
273
83
130
83
94
83
264
83
270
83
57
88
145
83
94
91
121
83
321
83
275
83
369
83
103
83
255
83
94
74
145
83
182
82
230
83
175
83
57
88
330
83
270
83
173
83
116
88
55
83
217
83
59
83
145
83
327
83
121
83
275
83
360
83
182
83
137
74
103
83
236
83
236
83
275
83
57
88
255
83
273
74
194
76
55
83
276
83
145
83
333
76
130
83
145
83
94
83
294
83
311
83
103
83
57
83
55
83
172
83
327
83
126
83
137
83
366
83
357
83
116
83
309
83
63
83
137
83
145
83
235
83
104
83
229
83
122
83
311
74
103
83
276
83
321
83
313
83
182
83
340
83
193
83
239
83
121
74
141
83
103
74
358
74
360
86
118
88
182
83
137
88
182
84
229
83
56
79
183
83
223
71
145
83
155
82
103
83
317
83
345
74
183
83
59
83
104
83
59
83
182
74
273
83
275
74
140
83
226
83
94
83
182
76
137
83
137
83
270
88
19
83
327
83
246
83
115
87
276
83
145
76
276
83
341
83
59
83
139
83
270
83
137
83
29
71
255
88
123
83
174
83
137
83
334
83
59
83
137
74
236
83
99
83
99
83
137
88
247
83
270
83
103
83
162
71
299
72
130
83
320
83
145
83
96
83
299
74
170
83
155
88
103
83
154
83
94
83
273
83
224
83
57
88
311
83
145
83
292
83
199
83
368
78
137
74
341
83
236
83
184
83
229
83
329
74
103
83
339
88
360
83
290
83
99
74
270
83
358
74
273
83
55
83
145
83
59
76
233
83
103
88
104
83
358
88
172
83
121
83
121
83
103
76
40
79
151
83
122
83
55
83
359
83
368
83
167
76
233
83
255
83
235
74
311
74
331
83
137
74
219
83
137
76
276
83
276
83
167
71
270
83
235
83
118
83
173
83
145
83
233
83
270
83
155
88
187
71
233
83
59
72
275
83
182
76
99
88
145
83
270
83
25
83
55
74
276
83
103
83
149
88
366
83
182
83
137
83
145
83
327
83
103
83
55
91
137
83
103
88
94
83
57
88
341
83
321
83
145
83
193
83
358
83
276
83
145
74
321
83
70
76
270
83
131
74
57
83
236
83
273
83
116
83
174
83
59
83
61
83
273
83
233
72
255
83
292
74
298
83
103
83
94
83
245
83
172
74
118
83
241
83
103
83
304
83
99
83
145
83
265
83
360
83
141
83
121
83
366
90
59
83
334
83
270
83
182
83
360
83
94
83
240
83
341
83
236
83
273
83
165
83
276
83
311
83
270
88
48
83
270
76
236
83
182
83
360
83
137
83
111
83
343
72
179
71
141
88
294
83
358
74
182
71
160
83
137
88
103
83
292
83
223
71
165
83
264
83
51
83
247
83
223
71
183
83
103
83
145
88
355
72
122
83
276
83
328
83
238
78
55
83
94
83
229
83
226
74
239
83
55
83
273
83
237
83
103
83
137
83
174
83
324
83
161
83
270
83
103
83
52
83
94
83
94
83
132
88
313
74
103
83
311
83
154
83
270
74
247
83
270
74
139
83
55
83
312
83
357
83
60
83
99
83
366
88
174
83
295
81
255
83
119
83
247
83
223
71
358
83
57
88
103
83
360
83
145
76
246
83
357
88
362
72
347
74
51
83
172
83
363
83
305
83
181
74
48
83
229
91
178
71
94
83
358
83
290
83
145
83
255
83
273
83
270
83
149
83
276
83
120
76
182
74
226
83
103
88
139
83
327
74
199
83
277
83
180
83
360
83
275
83
357
83
223
71
118
83
103
83
48
83
235
83
103
74
145
83
368
83
276
83
137
83
182
74
59
88
327
83
233
85
293
83
137
88
161
83
358
76
145
83
336
76
270
83
94
83
174
91
145
83
235
83
226
83
360
83
145
83
276
83
233
83
360
83
290
83
234
83
145
83
354
72
0 0 0
83
94
83
103
83
273
83
236
83
137
82
255
83
144
83
276
83
182
83
131
89
361
83
327
83
144
71
273
83
48
83
59
83
94
83
270
83
120
83
293
83
94
83
103
83
94
83
182
83
233
83
236
74
270
76
131
74
137
83
182
83
357
83
292
74
55
83
155
87
137
83
179
71
36
79
247
72
154
74
218
71
182
83
360
83
359
83
357
83
334
83
59
83
272
83
103
83
193
83
137
83
183
83
360
83
99
83
94
88
182
83
298
83
137
88
123
83
173
83
360
83
59
76
94
83
224
83
57
88
103
83
247
83
194
71
327
83
121
88
94
83
270
83
168
83
229
83
99
83
141
88
103
83
111
83
141
83
273
82
327
83
233
83
299
83
103
83
272
83
270
83
283
71
273
83
119
83
323
83
149
76
99
83
290
83
334
83
145
83
233
83
137
83
220
83
55
83
145
83
145
83
145
83
141
74
99
88
270
74
141
83
293
83
317
83
255
83
299
86
273
83
99
83
103
83
182
83
103
83
182
83
193
83
196
83
273
76
123
83
183
83
270
83
182
83
347
83
193
83
182
83
48
83
99
83
94
75
183
83
223
71
270
83
128
83
342
83
55
83
12
83
236
83
270
83
174
76
276
83
99
83
137
83
48
83
145
76
59
83
145
83
341
86
335
88
193
83
193
83
48
83
247
72
152
76
99
83
273
83
327
83
118
83
290
83
270
83
118
83
264
83
360
83
26
83
182
83
273
83
12
83
55
83
239
74
183
83
145
83
117
83
199
83
99
74
264
88
57
88
182
83
145
83
341
83
0 0 0
83
99
83
32
83
94
83
360
83
267
88
247
83
139
83
187
71
288
71
223
71
235
91
94
83
154
84
137
72
182
83
145
83
94
88
182
88
94
83
182
83
182
83
145
83
276
83
366
83
180
83
292
83
360
83
247
83
270
83
31
71
155
88
276
83
246
83
270
83
147
83
270
83
137
83
108
71
69
83
119
83
264
83
273
83
103
83
155
88
141
83
344
83
175
83
235
74
239
83
155
83
194
76
270
76
273
83
241
76
57
88
55
83
103
83
103
88
145
83
336
83
94
74
99
83
159
83
145
83
161
83
208
83
358
76
247
85
276
83
199
81
299
83
236
83
163
91
270
83
55
83
282
71
276
83
122
91
236
83
174
91
255
83
174
91
137
87
23
74
366
88
137
83
225
71
205
83
99
88
270
83
366
83
276
83
165
84
154
74
247
83
299
83
199
71
61
83
336
83
121
76
145
83
341
83
275
83
336
83
145
83
200
83
137
74
273
83
276
74
99
83
235
83
99
72
145
83
241
88
336
83
193
83
182
83
311
83
284
83
276
83
275
74
145
83
312
86
94
83
223
71
182
86
270
83
289
71
94
83
247
83
48
83
311
83
270
83
270
83
103
88
99
83
336
83
299
83
57
83
48
83
258
72
236
83
103
83
366
88
104
83
186
87
149
83
276
83
164
79
273
74
145
76
362
83
137
74
182
83
270
74
349
83
276
83
360
83
309
83
242
74
182
86
292
83
298
83
276
83
311
83
100
83
161
83
121
83
103
83
366
83
112
72
103
72
357
83
99
83
52
83
121
83
216
72
94
83
145
83
172
86
103
83
272
83
310
74
236
83
311
83
99
74
320
76
161
83
103
83
103
83
59
83
99
83
182
83
182
83
182
83
236
83
182
83
276
83
327
83
211
83
161
83
122
83
224
83
360
83
182
83
273
83
255
83
58
86
41
83
358
83
99
83
276
83
358
83
161
74
145
78
99
83
94
83
233
83
296
87
145
83
145
74
193
83
145
83
154
74
131
74
99
83
179
71
311
83
165
83
357
88
182
83
145
83
145
83
55
83
311
83
179
71
327
83
48
83
276
83
236
83
182
83
132
83
116
83
273
83
94
88
19
83
270
83
270
86
13
83
273
83
161
83
170
83
223
71
182
83
293
83
270
87
161
83
273
83
292
83
358
83
121
82
253
76
152
71
334
83
236
74
368
83
183
83
103
74
242
83
341
83
294
83
141
83
214
83
255
82
359
74
99
83
122
83
236
83
99
72
156
76
161
83
137
83
163
71
58
83
48
83
183
83
182
82
276
83
182
83
336
83
137
83
145
83
68
83
182
84
276
83
236
83
107
83
99
88
182
83
270
83
137
83
273
76
323
83
276
83
145
83
270
83
241
83
357
83
336
83
173
83
193
83
131
74
103
83
275
76
269
83
145
83
220
83
273
83
236
83
144
71
20
83
182
83
357
83
55
83
315
83
276
83
233
86
247
83
221
90
137
83
59
83
336
83
182
74
357
83
94
83
270
83
236
83
155
88
183
83
233
83
160
83
276
83
145
83
103
88
166
83
358
83
94
83
99
83
358
81
154
83
103
83
182
83
182
76
273
83
255
83
145
83
182
83
94
74
223
71
172
83
358
83
137
83
289
71
260
74
94
74
276
83
360
83
182
83
236
83
359
83
230
83
113
88
94
83
220
83
103
83
145
83
327
83
55
86
182
83
103
83
241
83
94
83
245
86
145
83
229
83
327
83
99
83
168
83
299
83
40
83
270
83
165
83
48
83
172
83
154
74
290
83
320
83
236
83
273
83
161
83
59
83
145
83
270
83
53
83
369
77
264
83
230
83
103
88
103
83
48
83
55
83
276
83
145
83
144
83
241
83
357
83
276
83
182
74
145
83
359
83
340
83
276
83
99
83
99
74
277
83
236
83
174
91
168
83
229
83
99
83
273
83
269
83
360
83
0 0 0
83
14
74
341
74
276
83
260
74
368
74
122
83
273
83
189
91
276
83
226
74
368
88
247
83
311
83
55
83
229
83
182
83
182
76
226
74
165
83
182
83
182
83
180
83
145
83
137
74
103
83
48
83
137
83
226
74
247
83
290
83
276
83
202
83
358
83
99
83
341
83
214
83
99
88
360
83
104
83
103
83
154
84
223
71
323
83
174
83
277
83
285
71
245
83
193
83
358
83
55
83
182
74
0 0 0
83
264
83
143
83
191
83
145
83
293
83
137
83
220
83
327
83
270
83
247
83
145
83
270
83
121
83
51
83
360
83
171
83
358
83
182
83
182
83
320
83
182
83
113
88
52
83
61
83
228
83
55
83
272
83
165
74
237
83
165
74
230
83
223
71
181
83
361
83
270
72
182
83
103
83
273
83
172
74
270
83
0 0 0
83
137
74
202
83
121
83
94
83
311
83
182
76
246
83
145
83
130
83
183
83
12
83
264
88
99
83
247
83
103
83
196
76
272
83
357
83
247
83
306
83
368
74
149
83
187
71
19
83
59
83
236
83
182
83
236
83
360
83
317
83
311
83
145
83
179
71
270
88
145
83
270
83
99
74
168
76
145
83
145
83
276
83
163
71
276
83
163
91
137
83
174
83
55
83
182
88
168
83
239
83
94
88
48
83
138
80
276
83
273
83
277
83
94
74
174
91
273
74
182
83
233
83
182
83
299
83
103
88
103
83
94
83
57
88
94
86
273
74
233
83
299
83
122
83
145
83
145
83
137
83
54
76
276
83
99
76
236
83
214
83
173
83
103
83
270
83
255
83
236
83
299
83
130
83
0 0 0
83
270
83
137
83
360
88
182
83
182
83
317
83
195
81
223
71
264
83
119
83
94
83
94
83
270
83
116
83
94
83
182
83
94
86
370
71
99
83
54
83
273
74
145
83
276
83
199
76
137
74
119
83
182
83
182
76
247
72
174
83
333
91
360
83
349
83
145
72
220
83
48
83
276
83
57
88
269
83
270
74
48
83
121
74
166
83
341
83
292
83
137
83
233
83
145
88
182
83
270
76
272
83
245
83
145
88
358
74
183
74
48
83
277
83
55
83
31
71
246
83
137
83
236
83
103
83
109
83
247
83
264
83
241
83
154
74
236
83
48
83
94
83
145
83
357
83
172
83
99
83
173
83
214
83
255
83
182
74
0 0 0
83
276
83
361
83
166
83
273
83
239
83
270
83
154
83
270
83
183
83
275
83
121
83
166
83
358
83
275
83
246
83
273
74
290
83
327
83
121
83
99
83
299
74
182
83
161
83
145
83
247
83
366
76
99
83
229
83
236
83
273
83
121
83
182
88
270
83
255
83
99
83
247
83
145
83
360
83
226
74
155
86
159
83
220
83
145
83
99
83
137
74
168
83
345
83
162
71
183
83
244
83
149
88
31
71
242
85
145
83
154
74
94
83
273
83
290
83
236
74
341
83
137
88
220
83
199
81
94
91
315
78
17
74
48
83
360
83
290
83
327
83
182
74
233
83
149
83
99
83
141
83
168
83
272
83
327
83
360
83
55
83
290
83
276
83
182
83
334
83
94
88
161
83
270
74
273
83
199
83
145
88
244
91
276
83
360
83
99
83
45
76
223
71
99
83
327
84
182
76
341
83
145
83
140
83
360
83
357
83
145
83
358
88
199
81
284
83
276
83
59
83
118
83
182
74
8
85
141
74
145
83
94
88
273
83
344
83
273
88
230
83
104
83
220
83
123
83
223
71
220
83
48
83
182
83
236
83
94
83
137
83
223
71
273
74
277
83
275
83
182
86
344
83
134
71
123
83
360
83
55
83
207
86
182
72
12
83
182
74
276
83
270
88
94
83
182
83
350
71
273
83
313
76
290
74
227
83
161
83
233
83
28
83
299
72
270
83
55
74
236
83
328
83
255
74
299
83
182
88
233
83
273
83
12
83
99
83
121
83
94
83
99
83
364
83
122
83
182
83
145
88
141
83
125
74
247
83
226
83
99
83
99
83
256
83
94
83
358
83
361
83
273
83
94
88
233
83
358
74
255
84
358
83
344
83
299
72
155
88
182
83
360
83
333
83
145
83
137
83
145
83
182
74
270
83
145
78
344
83
103
83
48
83
358
86
21
74
145
88
103
83
137
83
137
83
276
83
247
83
360
83
48
83
12
83
360
83
343
79
55
83
360
83
236
83
270
83
182
74
155
83
182
83
273
83
137
88
233
83
269
83
182
83
116
83
182
83
182
76
154
74
137
83
0 0 0
83
58
83
368
78
236
83
145
76
55
83
137
83
55
83
236
83
273
74
290
83
336
74
226
74
137
74
141
83
126
83
99
83
239
83
172
83
122
83
137
74
116
88
275
83
247
91
145
83
103
83
96
88
192
83
137
83
223
71
122
83
96
83
339
88
358
83
230
83
267
83
182
83
145
83
137
83
246
83
137
74
103
83
145
83
270
74
137
83
145
83
242
83
66
71
255
83
236
83
183
83
226
83
181
83
103
88
137
74
154
74
103
83
277
83
270
83
182
83
145
83
103
83
94
83
247
72
99
83
311
83
137
88
55
83
276
83
12
83
55
83
236
74
275
83
137
72
114
83
182
74
247
83
182
83
270
83
41
86
270
83
272
83
264
74
141
83
99
83
251
73
296
81
236
83
273
83
223
71
161
83
336
83
270
83
55
83
247
83
104
83
141
83
296
81
360
83
182
88
145
83
233
83
236
83
145
83
362
83
137
83
99
88
246
83
182
83
182
83
116
83
137
83
145
76
221
83
276
83
275
83
212
83
236
83
235
83
339
88
276
83
275
83
299
83
122
76
236
83
173
74
275
83
269
83
99
76
270
74
94
83
137
83
193
83
174
83
182
83
295
81
145
83
182
74
99
83
273
83
368
83
270
83
141
74
99
83
273
83
236
72
137
83
103
83
99
83
290
83
141
85
360
83
103
88
270
83
145
83
170
83
103
83
182
74
121
74
333
83
255
88
273
83
137
83
270
83
341
83
62
74
212
83
273
83
327
83
276
83
214
83
290
83
182
83
145
74
127
83
360
74
59
83
99
83
270
84
159
83
284
71
182
83
236
83
255
83
220
83
172
83
145
88
145
83
196
83
99
74
340
74
118
83
149
83
103
83
165
83
137
74
96
83
103
83
236
83
286
83
354
83
61
74
94
83
255
83
223
71
327
83
220
83
276
83
220
83
171
83
236
83
359
83
245
83
341
83
273
83
137
83
360
83
94
76
48
83
163
71
275
83
270
83
213
83
103
83
276
83
99
83
271
83
250
83
270
83
119
83
103
83
293
83
103
83
183
83
182
83
341
83
137
83
161
83
48
83
145
88
270
74
136
83
137
83
145
83
137
83
161
83
182
83
55
81
237
83
270
83
327
83
341
83
246
83
299
72
360
83
360
83
366
83
121
83
145
76
270
74
48
83
182
83
202
74
145
86
350
71
236
83
341
83
270
83
182
83
52
83
147
83
196
83
249
83
118
83
139
83
360
83
364
88
268
83
273
76
313
83
137
83
276
83
247
83
223
71
366
83
141
83
48
72
292
83
233
83
122
71
239
83
292
83
275
83
103
83
59
83
94
83
276
83
323
74
336
83
55
86
236
83
270
82
37
79
145
83
165
83
119
83
15
83
145
83
368
83
99
83
276
83
233
83
145
88
109
83
236
83
359
74
141
83
185
83
311
83
162
71
99
83
357
83
104
83
341
83
145
83
230
88
336
83
57
88
141
83
233
83
255
92
173
83
166
83
270
83
236
81
233
83
276
86
255
83
255
88
270
83
223
71
196
83
236
83
160
83
57
88
236
83
48
83
12
83
52
83
291
83
52
74
94
83
357
83
273
83
55
83
104
83
270
83
276
83
327
83
264
74
255
83
94
88
270
83
173
83
145
76
286
74
311
83
181
83
182
83
182
83
141
78
99
83
290
83
333
83
223
71
334
83
341
83
103
83
48
83
255
74
246
83
341
74
276
83
350
71
99
74
226
83
339
88
223
71
99
83
360
83
182
83
1
83
48
83
269
83
273
83
366
74
199
83
311
83
223
71
122
83
139
83
255
83
182
83
103
83
273
74
317
83
358
83
202
83
276
83
344
83
145
90
173
83
358
83
137
88
182
84
368
83
255
83
223
71
121
83
149
83
103
88
366
83
299
83
121
83
55
86
327
83
247
83
145
76
120
76
94
83
205
76
273
76
94
88
103
76
193
83
264
83
103
83
182
83
99
83
182
83
182
83
137
83
54
83
172
83
182
72
145
83
65
92
137
74
182
83
193
83
301
83
48
83
182
83
226
83
168
83
94
74
182
83
273
83
323
74
141
83
299
74
360
83
141
83
122
83
255
83
341
83
154
83
52
83
233
83
273
83
202
83
99
83
99
83
145
76
57
87
276
83
122
83
121
74
145
83
273
83
193
83
94
74
145
83
96
88
145
83
137
88
193
88
270
83
170
83
182
83
273
83
334
83
315
83
284
71
141
88
103
83
212
83
292
88
311
74
290
83
137
83
247
83
103
86
148
74
327
83
99
83
273
83
270
83
276
83
145
83
366
83
174
74
220
86
360
83
357
83
52
83
347
83
292
83
55
74
311
83
158
91
357
83
337
88
275
83
235
83
273
74
145
76
137
88
290
83
145
74
311
83
137
83
99
74
94
83
276
83
162
71
358
83
275
83
236
72
155
88
197
83
321
83
103
76
276
83
118
76
171
83
292
83
94
83
273
83
120
83
273
88
154
74
94
83
174
83
59
83
182
76
311
83
358
74
221
83
273
83
360
83
183
83
99
83
145
88
202
83
48
83
48
83
182
74
236
83
94
83
292
83
59
83
360
83
182
83
103
83
313
83
270
83
130
83
48
83
94
83
137
84
17
74
182
74
58
83
233
83
172
83
145
83
341
83
165
74
172
83
59
83
347
83
121
83
145
83
103
83
94
88
236
83
276
83
290
83
236
83
183
83
276
83
123
83
51
83
360
83
229
83
99
83
48
83
94
83
103
83
103
83
107
74
223
71
121
83
299
74
276
83
103
74
145
88
94
83
196
85
203
83
236
83
59
83
241
83
276
83
136
83
196
83
270
83
189
83
99
83
99
76
247
83
182
83
137
83
220
83
268
83
233
83
233
83
137
83
145
83
137
83
273
83
345
83
311
83
94
83
96
88
214
83
155
88
182
86
2
83
270
84
161
83
263
83
275
83
276
83
187
71
199
83
241
83
172
83
145
83
150
83
179
83
137
83
233
74
103
88
360
83
255
83
121
83
236
83
59
83
224
83
360
83
336
82
137
76
182
88
327
83
270
83
154
83
355
79
139
83
273
74
137
83
341
83
48
83
52
76
182
74
137
88
99
74
298
72
212
83
150
83
236
83
359
83
137
88
264
83
137
83
137
88
233
83
273
74
145
83
99
83
103
83
137
83
326
74
109
83
307
78
94
88
182
88
360
83
160
83
51
83
236
83
336
83
182
83
55
74
123
74
255
83
47
76
259
83
103
83
270
83
290
83
18
90
183
83
273
83
276
83
103
76
196
83
275
83
55
83
55
83
181
74
121
72
99
83
57
88
55
76
137
87
277
74
281
83
212
88
172
74
182
74
94
74
55
81
99
83
304
83
57
83
182
86
182
83
270
83
275
83
48
83
145
88
182
74
273
83
293
83
199
83
99
83
182
74
182
83
247
83
246
83
239
83
267
83
217
83
103
74
99
74
182
83
236
83
366
83
340
83
190
79
236
83
58
83
179
76
55
83
173
83
48
83
276
83
236
83
236
74
292
88
196
83
48
83
223
71
226
74
99
74
360
83
284
71
183
83
255
74
182
83
137
72
48
86
172
83
318
88
103
83
94
83
272
83
341
83
193
83
311
83
235
83
137
74
183
83
182
83
270
83
349
83
247
83
6
72
133
71
57
88
145
83
182
83
357
74
182
83
299
74
192
83
194
76
99
84
94
83
137
74
182
88
121
83
165
83
145
88
103
74
125
71
182
83
303
83
103
83
224
74
54
76
233
83
103
83
359
83
0 0 0
83
182
83
94
74
96
90
336
83
292
74
267
83
182
83
323
74
141
83
275
83
325
83
229
83
182
83
218
81
182
74
48
83
315
83
270
74
168
83
273
83
357
83
48
83
129
83
299
83
58
78
55
83
48
83
273
88
336
83
273
83
255
74
182
83
174
83
137
83
364
83
236
83
64
92
299
83
155
88
241
83
273
83
145
88
358
83
255
83
183
83
100
83
94
76
277
83
137
83
121
83
314
83
273
83
103
82
199
83
182
83
103
83
12
83
366
83
155
82
119
83
52
83
54
83
94
83
137
83
273
83
273
83
55
83
276
83
236
83
182
76
233
83
255
76
366
83
236
83
303
83
11
83
276
83
226
83
327
83
48
83
355
72
55
83
179
71
48
83
165
74
145
83
321
83
360
83
276
83
161
83
94
83
357
83
121
83
229
83
94
83
247
83
155
88
99
74
94
83
270
74
360
83
357
83
166
83
182
83
334
83
145
83
327
83
155
78
116
83
270
83
182
83
272
83
167
71
276
83
255
83
223
71
341
83
327
83
182
74
145
88
327
83
312
83
94
83
182
76
299
74
94
74
61
83
163
71
130
83
171
83
103
83
55
83
290
83
94
74
66
71
333
83
53
72
66
92
276
83
247
83
196
83
48
83
94
83
366
83
173
83
276
83
226
83
137
83
161
83
159
83
137
83
255
88
341
83
357
83
49
83
334
83
94
76
55
83
183
72
12
83
203
83
112
72
162
71
99
88
276
83
351
83
276
83
99
74
236
83
247
83
182
83
223
71
278
83
359
83
223
71
182
83
229
83
145
83
320
83
307
83
159
83
293
83
0 0 0
83
299
83
131
84
193
83
327
83
168
83
168
83
94
74
327
83
145
83
94
83
236
83
58
78
275
83
30
72
182
83
59
83
255
74
182
74
187
71
55
83
122
74
275
83
255
83
48
83
224
83
150
83
193
83
341
83
233
83
137
74
93
74
246
74
270
83
273
83
223
71
137
88
357
83
145
83
182
83
145
83
304
83
346
83
10
83
359
83
103
83
55
74
212
83
341
83
59
83
170
83
276
83
118
83
261
83
226
74
298
83
255
83
255
83
145
83
57
83
100
88
99
83
299
82
48
83
255
83
57
88
255
76
264
74
99
83
61
83
183
83
99
74
130
83
137
74
118
83
159
83
145
83
236
83
290
83
119
83
233
83
276
74
236
83
165
83
94
83
182
83
315
83
182
83
141
78
340
74
41
83
55
83
223
71
182
83
181
83
304
83
137
83
226
83
276
83
276
83
110
83
247
83
172
83
99
74
273
87
0 0 0
83
276
83
255
83
233
83
94
83
145
83
196
84
311
83
59
83
275
83
137
83
245
83
182
83
273
83
118
83
145
88
334
83
145
83
360
83
123
83
272
83
145
83
270
83
145
88
141
76
270
83
293
83
103
83
299
83
236
83
273
83
103
83
255
83
247
72
185
83
121
83
182
83
137
76
152
76
270
83
276
83
137
83
103
83
145
74
139
83
185
83
182
83
292
76
327
83
273
76
137
83
366
88
99
83
246
83
311
83
94
83
54
74
137
83
145
76
145
83
182
